eye 50 50 100
look 50 50 10
up 0 1 0
d 4
bounds -2 -2 2 2
res 1024 1024
ambient 0.1 0.1 0.1
light 50 50 100 1 0.8 0.8 0.8
light 50 50 20 1 0.6 0.6 0.7

sphere 50 50 50 9 0.2 0.2 0.2 0.8 0.8 0.8 0.5 0.5 0.5 0.9 0.9 0.9 0.2 0.2 0.2 2.0

sphere 25 65 10 9 1.0 0.0 0.0 1.0 0.0 0.0 1.0 1.0 1.0 0.9 0.9 0.9 1.0 1.0 1.0 1.3
sphere 50 20 10 9 0.0 0.0 1.0 0.0 0.0 1.0 1.0 1.0 1.0 0.9 0.9 0.9 1.0 1.0 1.0 1.3
sphere 75 65 10 9 0.0 1.0 0.0 0.0 1.0 0.0 1.0 1.0 1.0 0.9 0.9 0.9 1.0 1.0 1.0 1.3

sphere 75 35 10 9 1.0 0.0 0.0 1.0 0.5 0.0 1.0 1.0 1.0 0.9 0.9 0.9 1.0 1.0 1.0 1.3
sphere 50 80 10 9 0.0 0.0 1.0 0.5 0.0 1.0 1.0 1.0 1.0 0.9 0.9 0.9 1.0 1.0 1.0 1.3
sphere 25 35 10 9 0.0 1.0 0.0 0.9 1.0 0.0 1.0 1.0 1.0 0.9 0.9 0.9 1.0 1.0 1.0 1.3

sphere 55 55 0 9 0.0 0.0 1.0 0.5 0.8 0.9 1.0 1.0 1.0 0.9 0.9 0.9 1.0 1.0 1.0 1.3
sphere 45 55 0 9 0.0 0.0 1.0 0.5 0.8 0.9 1.0 1.0 1.0 0.9 0.9 0.9 1.0 1.0 1.0 1.3
sphere 45 45 0 9 0.0 0.0 1.0 0.5 0.8 0.9 1.0 1.0 1.0 0.9 0.9 0.9 1.0 1.0 1.0 1.3
sphere 55 45 0 9 0.0 0.0 1.0 0.5 0.8 0.9 1.0 1.0 1.0 0.9 0.9 0.9 1.0 1.0 1.0 1.3

sphere 50 50 10 9 0.0 0.0 1.0 0.5 0.8 0.9 1.0 1.0 1.0 0.9 0.9 0.9 1.0 1.0 1.0 1.3
